    1.59639131
    0.37215760
   -0.30316042
   -0.04088481
    0.06292528
    0.04561193
    0.09417154
    0.38442562
   -0.49912709
   -0.10428658
   -0.56469067
   -0.13646430
   -0.14761393
   -0.15856547
    0.09225097
    0.05829457
    0.04763217
    0.15375503
   -0.18018522
    0.03892125
   -0.44826797
   -0.14413665
   -0.15203888
   -0.14968067
   -0.15015436
   -0.10544797
    0.10599552
   -0.24227189
    0.03004976
    0.04555085
    0.04566350
    0.08242532
   -0.04928662
   -0.05097615
   -0.03858839
    0.03095954
    0.04901982
    0.08973208
    0.02394168
    0.09369209
    0.08156496
   -0.01167709
   -0.10466750
   -0.05802492
   -0.09389023
    0.03322070
    0.03047339
    0.04399728
    0.10323747
    0.02717189
    0.04789363
    0.02776496
    0.02166581
    0.05185073
   -0.31179917
   -0.11824054
    0.16041108
   -0.12461462
   -0.12333247
    0.05055909
    0.05433193
    0.04274328
    0.04374334
    0.03867131
    0.06404891
    0.04200319
    0.03801510
    0.06512614
