           2           9   1.63499764549059     
           1          10  0.199576218617851     
           3          10  0.113934397354746     
           4          10   1.01048618445378     
           8          11   1.34501823171066     
           1          12  0.192326656277645     
           1          13  0.196224253388446     
          12          13   1.34227131474916     
           1          14  0.230399118437226     
          10          14   1.27588852967671     
          13          14   1.27057161342388     
          12          15  0.967042846813719     
          13          16  0.987871983366310     
          14          17  0.987927287630605     
           3          18  0.431882519835580     
          11          18  0.108721668893734     
           1          19  0.157286945685201     
           3          19  0.806554390571387     
          10          19   1.21561309020123     
          12          19   1.17572666955045     
           2          20  0.876247712797099     
           2          21   1.33638979329707     
           3          21  0.488550654899364     
           9          21  0.196622986857001     
           1          22  0.153249784896316     
           3          22  0.146779678978289     
           7          22  0.943716687131005     
           1          23  0.174407479332556     
           6          23  0.980983340072728     
          22          23   1.32547219458946     
           1          24  0.190202950739316     
           5          24  0.988611321680965     
          23          24   1.28280310872433     
           1          25  0.179292198447504     
          24          25   1.33106976560255     
           3          26  0.146793940277631     
          18          26  0.126782697869436     
          22          26   1.24808643208849     
          25          26   1.26566585615600     
          26          27  0.951330706913396     
           3          28  0.616826357233335     
           8          28   1.41292809618244     
          11          28  0.164689367858549     
          20          28  0.975981386106141     
          20          29  0.954975182754010     
           4          30  0.965961006557240     
           4          31  0.956372128442082     
          25          32  0.982834863188021     
           3          33  0.411405162161715     
           4          33  0.975148713082959     
          33          34  0.994482164449275     
          33          35  0.989316754524173     
          34          36  0.973394497799794     
          34          37  0.971492178201544     
          34          38  0.963439874243951     
          35          39  0.970213045711991     
          35          40  0.941554692714993     
          35          41  0.956191125882481     
          20          42  0.955313415924215     
          42          43   1.00697204077848     
          42          44  0.995207465411589     
          44          45   1.01971696970488     
          43          46  0.986525059259377     
          43          47  0.985784330334133     
          43          48  0.980266214242455     
          42          49  0.863807111341782     
          44          50  0.977094693142072     
          44          51  0.974551022182576     
          45          52  0.987214058342682     
          45          53  0.983600631500938     
          45          54  0.974973756193766     
           8          55   1.05675637998614     
          55          57  0.916927980632645     
          56          57  0.993877278078930     
          57          58  0.993485576771769     
          57          59  0.993405894225591     
          56          60  0.984797123209322     
          56          61  0.984427248212939     
          56          62  0.985195838261708     
          58          63  0.985500056689530     
          58          64  0.985120844490871     
          58          65  0.977976383139591     
          59          66  0.985663031824319     
          59          67  0.985277532512644     
          59          68  0.978036613470992     
