    1.59768658
    0.37163877
   -0.30413180
   -0.04150295
    0.06388128
    0.04646056
    0.09351392
    0.38595358
   -0.49603877
   -0.10435795
   -0.56238193
   -0.13661270
   -0.14745187
   -0.15845128
    0.09393635
    0.05932713
    0.04870315
    0.15295663
   -0.17896209
    0.04720490
   -0.44296874
   -0.14369471
   -0.15203523
   -0.14956386
   -0.15001411
   -0.10503313
    0.10640047
   -0.24840197
    0.02905481
    0.04649789
    0.04642541
    0.08346063
   -0.04765830
   -0.04993138
   -0.03695606
    0.03110923
    0.04935487
    0.09075359
    0.02561063
    0.08851583
    0.08063307
   -0.05486658
    0.01743241
   -0.02852697
   -0.02907408
   -0.03213558
   -0.02847997
   -0.03420641
    0.03806898
    0.11063958
    0.03454233
    0.02341031
    0.02379625
    0.02548738
    0.02748948
   -0.31220862
   -0.11830497
    0.16043527
   -0.12479003
   -0.12357730
    0.05055462
    0.05478512
    0.04319319
    0.04416465
    0.03926537
    0.06369487
    0.04239020
    0.03851199
    0.06535209
