           2           9   1.64188453877375     
           1          10  0.199760505269466     
           3          10  0.114523820830948     
           4          10   1.01012068581661     
           8          11   1.35096658436290     
           1          12  0.192346280127569     
           1          13  0.196343488173629     
          12          13   1.34291844469941     
           1          14  0.230406556291938     
          10          14   1.27632708097509     
          13          14   1.26988334110195     
          12          15  0.966669600891941     
          13          16  0.987565077304777     
          14          17  0.987692693568538     
           3          18  0.433639483368469     
          11          18  0.105163701661639     
           1          19  0.156636234668594     
           3          19  0.811593278296550     
          10          19   1.21446094400090     
          12          19   1.17574318772100     
           2          20  0.872583667196279     
           2          21   1.33798631990449     
           3          21  0.492154046021944     
           9          21  0.197376134720844     
           1          22  0.154310093458662     
           3          22  0.145893129276090     
           7          22  0.944012185098545     
           1          23  0.174345556159263     
           6          23  0.981170604209475     
          22          23   1.32603024026851     
           1          24  0.190243386457859     
           5          24  0.988363082303370     
          23          24   1.28234530439760     
           1          25  0.179995073034012     
          24          25   1.33187073302755     
           3          26  0.147582169797044     
          18          26  0.128746088546647     
          22          26   1.24701658643367     
          25          26   1.26430299081958     
          26          27  0.951003997727776     
           3          28  0.610130576292178     
           8          28   1.40537030703595     
          11          28  0.164139047304977     
          20          28  0.979405323190861     
          20          29  0.957635526968860     
           4          30  0.965662150801516     
           4          31  0.956431645363151     
          25          32  0.982258698568094     
           3          33  0.415166820584335     
           4          33  0.974837928184279     
          33          34  0.994072635912319     
          33          35  0.989401346497745     
          34          36  0.973447178798684     
          34          37  0.971284808927259     
          34          38  0.962815577954766     
          35          39  0.970305353736295     
          35          40  0.941933364044141     
          35          41  0.957557599093020     
          20          42  0.945878004438065     
          42          43   1.01532306965956     
          43          44   1.40900782692733     
          44          45   1.44631547084955     
          43          46  0.109412907855163     
          45          46   1.43738049170514     
          44          47  0.110374568017267     
          46          47   1.43798461795157     
          43          48   1.40903754652340     
          45          48  0.110746659557199     
          47          48   1.44652407655070     
          42          49  0.970200155092499     
          42          50  0.867307481931130     
          44          51  0.952600226570364     
          45          52  0.971584499002552     
          46          53  0.971907189839221     
          47          54  0.971432119767965     
          48          55  0.969794997834281     
           8          56   1.05891679366108     
          56          58  0.915562279858467     
          57          58  0.993954427774495     
          58          59  0.993576267368943     
          58          60  0.993503318645900     
          57          61  0.984786544419194     
          57          62  0.984365597305870     
          57          63  0.985122142545577     
          59          64  0.985444007240353     
          59          65  0.985038053796812     
          59          66  0.978003098224573     
          60          67  0.985616643573222     
          60          68  0.985209713122028     
          60          69  0.978013582513237     
