    1.73881549
    0.37203302
   -0.28463659
   -0.04619755
    0.04341982
    0.09280667
    0.11334028
    0.38561498
   -0.49755672
   -0.11517844
   -0.56351421
   -0.14713706
   -0.16965793
   -0.17386433
    0.09936287
    0.10914360
    0.04674762
    0.15549215
   -0.18261127
    0.03885900
   -0.45448242
   -0.10853621
   -0.15554428
   -0.16979262
   -0.14828794
   -0.15964992
    0.10629670
   -0.24444133
    0.03183064
    0.04236164
    0.04557600
    0.31705674
   -0.44650193
   -0.03877459
   -0.02912125
   -0.02721104
   -0.02776605
   -0.03175994
   -0.04210626
   -0.02943216
   -0.03615796
   -0.02930839
   -0.02718417
   -0.02761720
   -0.02587659
    0.06216609
    0.04412402
    0.03986934
    0.03696482
    0.04123362
    0.05220651
    0.03861559
    0.03788698
    0.03843268
    0.04417114
   -0.05765649
   -0.04988307
   -0.03873082
    0.03224495
    0.04676219
    0.08716772
    0.02409784
    0.09041350
    0.08152590
   -0.01161063
   -0.10555002
   -0.05813283
   -0.09376348
    0.03398115
    0.03083874
    0.04527689
    0.10200606
    0.02762056
    0.04816340
    0.02791530
    0.02115018
    0.05157925
   -0.30925348
   -0.11861886
    0.15962110
   -0.12654375
   -0.12642516
    0.05054825
    0.05356328
    0.04389370
    0.04315308
    0.04124628
    0.06495977
    0.04200292
    0.04054054
    0.07138324
