           2           9   1.63738443570047     
           1          10  0.173278543295181     
           3          10  0.119951920095344     
           4          10   1.01278665416919     
           8          11   1.35308383145932     
           1          12  0.152233108068416     
           3          12  0.102425645918326     
           1          13  0.170778809483804     
          12          13   1.35786919597868     
           1          14  0.205683931544211     
          10          14   1.29229350775394     
          13          14   1.27043234737500     
          12          15  0.968844123736726     
          13          16  0.950796676530807     
          14          17  0.980939568426962     
           3          18  0.491547598993349     
           1          19  0.129467015229655     
           3          19  0.822128573714762     
          10          19   1.20695793159288     
          12          19   1.18411851060252     
           2          20  0.876244639057577     
           2          21   1.33387409713371     
           3          21  0.478962019984645     
           9          21  0.196599310550472     
           3          22  0.173330711778436     
           7          22  0.941428444683623     
          18          22  0.103825770634868     
           1          23  0.117309180012474     
           3          23  0.149258146075309     
           6          23  0.944115654951609     
          22          23   1.26060030589532     
           1          24  0.148469160675683     
           5          24  0.983343072190034     
          23          24   1.33486656250663     
           1          25  0.159406004337001     
          24          25   1.25591045626479     
           1          26  0.143018583352245     
          22          26   1.28969735590988     
          25          26   1.29061811382715     
          26          27  0.972390945012583     
           3          28  0.624558726917812     
           8          28   1.39842586104033     
          11          28  0.164058041409816     
          20          28  0.975461814164480     
          20          29  0.954344923732011     
           4          30  0.969564137884417     
           4          31  0.956770861919485     
          25          32  0.970132564085423     
          32          33   1.96733625335690     
          32          34  0.915197050463035     
          34          35   1.41214650203076     
          35          36   1.43811282433070     
          34          37  0.106919473805773     
          36          37   1.44390039344806     
          35          38  0.107617574323401     
          37          38   1.42823420117481     
          34          39   1.39608484977722     
          36          39  0.110601219242030     
          38          39   1.45439950409818     
          32          40  0.910467118821847     
          40          41   1.41217000616629     
          41          42   1.44050493470246     
          40          43  0.107792224017997     
          42          43   1.44118139394793     
          41          44  0.109950336616951     
          43          44   1.43404765550773     
          40          45   1.40298310180342     
          42          45  0.111387457399396     
          44          45   1.44874303310827     
          35          46  0.959243918263395     
          36          47  0.969282189821355     
          37          48  0.970868781365007     
          38          49  0.969963057293628     
          39          50  0.963623634989071     
          41          51  0.960517484526350     
          42          52  0.969760919524708     
          43          53  0.970974127745202     
          44          54  0.969708782644254     
          45          55  0.959637450543994     
           3          56  0.392930820978984     
           4          56  0.977361637478902     
          56          57  0.995145730862275     
          56          58  0.989548001318921     
          57          59  0.973246131554920     
          57          60  0.971537569165187     
          57          61  0.965513973038952     
          58          62  0.970383995336313     
          58          63  0.944035557884145     
          58          64  0.956302129981530     
          20          65  0.955109570120305     
          65          66   1.00712354966803     
          65          67  0.995245547827040     
          67          68   1.01971299467531     
          66          69  0.986468054020876     
          66          70  0.985742487492018     
          66          71  0.980152075972464     
          65          72  0.865235436047725     
          67          73  0.977088414011627     
          67          74  0.974525441169362     
          68          75  0.987237139623965     
          68          76  0.983823007889649     
          68          77  0.974996904239097     
           8          78   1.06464037003989     
          78          80  0.912345496009675     
          79          80  0.994116061221508     
          80          81  0.993984262572081     
          80          82  0.994197261184183     
          79          83  0.984820432088115     
          79          84  0.984472236209158     
          79          85  0.985047224261128     
          81          86  0.985554523198531     
          81          87  0.984838996979582     
          81          88  0.976978234096543     
          82          89  0.985583562217926     
          82          90  0.984735085024730     
          82          91  0.976704564288188     
