    1.60431769
    0.36935457
   -0.25506603
   -0.04559142
    0.06632718
    0.04446274
    0.07850042
    0.25510105
   -0.49957838
   -0.11116424
   -0.54789302
   -0.13882945
   -0.14666743
   -0.15947240
    0.10210781
    0.06226255
    0.04660620
    0.09719607
   -0.17064462
    0.03143749
   -0.46190172
   -0.14804176
   -0.15210382
   -0.15001182
   -0.14859138
   -0.10228734
    0.10480024
   -0.21381415
    0.02402388
    0.04698495
    0.04381404
    0.10093221
   -0.05784274
   -0.05319708
   -0.03404472
    0.03551796
    0.09204805
    0.05465763
    0.02641086
    0.07449444
    0.07617737
    0.00180388
   -0.10687411
   -0.10483100
    0.03536112
    0.02932143
    0.04971540
    0.08610610
    0.03577312
    0.07503501
    0.03361478
   -0.12892735
    0.05151828
    0.05651240
    0.04514345
