           2           9   1.63656992220096     
           1          10  0.208618574502261     
           3          10  0.112782786294704     
           4          10   1.00834292489462     
           8          11   1.46504731011230     
           1          12  0.205105791888126     
           3          12  0.104262101929123     
           1          13  0.195282310517347     
          12          13   1.34418748900460     
           1          14  0.223939330356694     
          10          14   1.28573559977201     
          13          14   1.26637304569978     
          12          15  0.960581749196506     
          13          16  0.985591550342666     
          14          17  0.988294071355163     
           3          18  0.624852534978178     
           1          19  0.152563322649591     
           3          19  0.849407070752121     
          10          19   1.19550754603021     
          12          19   1.20475846517586     
           2          20  0.868782017663989     
           2          21   1.34689396721052     
           3          21  0.448428674351921     
           9          21  0.198605224197731     
           1          22  0.173602643945252     
           3          22  0.123586963696892     
           7          22  0.955929999626193     
           1          23  0.161582002187419     
           6          23  0.983745740235285     
          22          23   1.34586215008414     
           1          24  0.200608430137266     
           5          24  0.986116397041369     
          23          24   1.27479067129599     
           1          25  0.170341375979413     
          24          25   1.33305195390854     
           3          26  0.155941404789140     
          18          26  0.147539248320045     
          22          26   1.21097881571528     
          25          26   1.28270282813214     
          26          27  0.950956588447313     
           3          28  0.661157443453964     
           8          28   1.40364602324419     
          11          28  0.201935675757678     
          20          28  0.980465076956300     
          20          29  0.953064747389646     
           4          30  0.969151052532089     
           4          31  0.957895960321967     
          25          32  0.977817124903171     
           3          33  0.395996775190470     
           4          33  0.974910210537611     
          33          34  0.986212472234619     
          33          35  0.993138656439583     
          34          36  0.981041693679395     
          34          37  0.953377406041652     
          34          38  0.978655890371392     
          35          39  0.972969995287991     
          35          40  0.952101300203120     
          35          41  0.962642742182006     
          20          42  0.950576923506793     
          42          43   1.01067692175900     
          42          44  0.998541988563660     
          43          45  0.984883841353132     
          43          46  0.986566035155107     
          43          47  0.983492218381231     
          42          48  0.878231268441874     
          44          49  0.986565789858840     
          44          50  0.941758813633010     
          44          51  0.985304331143268     
           8          52  0.966430663283233     
          52          53  0.971187315464229     
          52          54  0.985644676686337     
          52          55  0.973689215244700     
