    1.52353984
    0.36435342
   -0.29557870
   -0.03821330
    0.03005019
    0.08914565
    0.11805661
    0.38229111
   -0.49611684
   -0.10377030
   -0.43924216
   -0.15766180
   -0.15920052
   -0.16520769
    0.05957575
    0.08813077
    0.03544852
    0.34418361
   -0.20481266
    0.01633709
   -0.43253459
   -0.15783089
   -0.13506648
   -0.16012286
   -0.13689559
   -0.12376884
    0.07831205
   -0.18944157
    0.03396911
    0.04229996
    0.04244200
    0.28015841
   -0.44526126
   -0.02512134
   -0.02597813
   -0.02839472
   -0.02781210
   -0.02987906
   -0.03519898
   -0.03166481
   -0.04043930
   -0.03220216
   -0.02878287
   -0.02823665
   -0.02829148
    0.04706496
    0.03604449
    0.03524499
    0.03606210
    0.04988858
    0.03986884
    0.03432959
    0.03673070
    0.04066504
    0.06057160
   -0.05071165
   -0.04399089
   -0.05610591
    0.03037388
    0.08774544
    0.10504630
    0.03432841
    0.08496769
    0.05205667
   -0.02122241
   -0.14261073
   -0.05717093
   -0.10775766
    0.02986546
    0.03933802
    0.06447733
    0.04339767
    0.02990947
    0.02706053
    0.02651799
    0.03676184
    0.05390312
   -0.27627650
   -0.11920444
    0.15777343
   -0.12112893
   -0.12358293
    0.05517788
    0.05663401
    0.04850655
    0.04865024
    0.04385190
    0.06425913
    0.04726633
    0.04568173
    0.06415350
