           2           9   1.62850578884986     
           1          10  0.193559065202823     
           3          10  0.117945424984400     
           4          10   1.00841415080647     
           8          11   1.15693245678193     
           1          12  0.187844157916343     
           3          12  0.113955189116514     
           1          13  0.191618126933774     
          12          13   1.32607251356359     
           1          14  0.209319623219725     
          10          14   1.28522746339973     
          13          14   1.29470495109512     
          12          15  0.968266621881053     
          13          16  0.959679377024265     
          14          17  0.978185372643909     
          11          18  0.588337605933132     
           1          19  0.145717420076490     
           3          19  0.773055465802427     
          10          19   1.20749170549682     
          12          19   1.23378568813393     
          18          19  0.180263696390156     
           2          20  0.872894886843471     
           2          21   1.36036760110958     
           3          21  0.471172985331404     
           9          21  0.201488829102032     
           1          22  0.168597149322688     
           1          23  0.186107654542368     
          22          23   1.26910847325773     
           1          24  0.177424024467968     
           5          24  0.979867174160444     
          23          24   1.25893236438201     
           1          25  0.128875887757404     
           3          25  0.170614016474418     
           6          25  0.937758484940437     
          24          25   1.32600356907913     
           1          26  0.123494389763333     
           3          26  0.205366001964278     
           7          26  0.918223797247791     
          22          26   1.31345490758939     
          25          26   1.26639923927919     
          22          27  0.972658869656626     
           3          28  0.593659956094678     
           8          28   1.51770081362456     
          11          28  0.132712122783209     
          20          28  0.979243478024135     
          20          29  0.946696683020213     
           4          30  0.970754433481871     
           4          31  0.957497223206860     
          23          32  0.981351379673295     
          32          33   1.97610646193116     
          32          34  0.912443320695397     
          34          35   1.40215366831671     
          35          36   1.44809371682160     
          34          37  0.107428797135062     
          36          37   1.43468709330755     
          35          38  0.111080915344361     
          37          38   1.44025239629635     
          34          39   1.41082825899471     
          36          39  0.109995776204218     
          38          39   1.44146416306421     
          32          40  0.916677051239280     
          40          41   1.39644780343876     
          41          42   1.45439963890001     
          40          43  0.106779649662446     
          42          43   1.42851902881091     
          41          44  0.110590882531218     
          43          44   1.44331668787567     
          40          45   1.40975335925543     
          42          45  0.107792420364589     
          44          45   1.43902628308510     
          35          46  0.959723569439343     
          36          47  0.969844878678889     
          37          48  0.971140554593320     
          38          49  0.969986402745931     
          39          50  0.961634135176803     
          41          51  0.963847533776033     
          42          52  0.970152705015301     
          43          53  0.971093162431747     
          44          54  0.969508745369091     
          45          55  0.959758112320195     
           3          56  0.401677482605564     
           4          56  0.975371458498924     
          56          57  0.985564786035820     
          56          58  0.997414826034351     
          57          59  0.970172281471543     
          57          60  0.950347214203374     
          57          61  0.931542642130968     
          58          62  0.971718246423661     
          58          63  0.966931871610490     
          58          64  0.973401166090896     
          20          65  0.952899221020856     
          65          66   1.00618244483553     
          65          67  0.996128838629051     
          67          68   1.01997580382237     
          66          69  0.984827847174319     
          66          70  0.985399719830614     
          66          71  0.942160200338028     
          65          72  0.961482357971837     
          67          73  0.976304097895235     
          67          74  0.976993860285050     
          68          75  0.987698452131237     
          68          76  0.987889027363914     
          68          77  0.982130419165732     
           8          78   1.11286733609150     
          78          80  0.898369001835447     
          79          80  0.994038096194636     
          80          81  0.995226226524249     
          80          82  0.994759460945640     
          79          83  0.983824621620391     
          79          84  0.983933942018123     
          79          85  0.984067557310430     
          81          86  0.984627333463024     
          81          87  0.983812269767518     
          81          88  0.978970720488260     
          82          89  0.984760953255570     
          82          90  0.983683894621921     
          82          91  0.979506621897739     
