    1.59228042
    0.37195779
   -0.30418622
   -0.04101398
    0.04588694
    0.09503438
    0.10653294
    0.38524417
   -0.49953228
   -0.10397862
   -0.56125048
   -0.13649552
   -0.14743691
   -0.15849470
    0.09282601
    0.05880841
    0.04823980
    0.15510613
   -0.17944688
    0.04070954
   -0.44456794
   -0.10549088
   -0.14412433
   -0.15213224
   -0.14977326
   -0.15021123
    0.08206705
   -0.24307567
    0.03229564
    0.04606999
    0.04673449
    0.06330685
   -0.04930270
   -0.05258795
   -0.03679963
    0.03154976
    0.04922996
    0.09134579
    0.02528234
    0.09143469
    0.08311156
   -0.04959362
   -0.04716135
   -0.10471404
    0.09936712
    0.03282776
    0.01960381
    0.03856835
    0.02719828
    0.02784747
    0.05677227
   -0.31102405
   -0.11842225
    0.16030522
   -0.12496110
   -0.12366070
    0.05077614
    0.05468449
    0.04302256
    0.04414804
    0.03904287
    0.06411633
    0.04246412
    0.03840371
    0.06523398
