           2           9   1.63427081094475     
           1          10  0.200056092102599     
           3          10  0.114452906423071     
           4          10   1.01048668448016     
           8          11   1.34352298863409     
           1          12  0.191675246573131     
           1          13  0.196824346670826     
          12          13   1.34219528760823     
           1          14  0.231502634400166     
          10          14   1.27555129715073     
          13          14   1.27063126142009     
          12          15  0.966990830489693     
          13          16  0.987611334398620     
          14          17  0.987617580943720     
           3          18  0.433940261792017     
          11          18  0.112808778350445     
           1          19  0.156693149372901     
           3          19  0.809389745814448     
          10          19   1.21534073475450     
          12          19   1.17600153383677     
           2          20  0.875502588352958     
           2          21   1.34009607924800     
           3          21  0.492543160316915     
           9          21  0.196733193007765     
           1          22  0.100043584792967     
           3          22  0.148037955810197     
           7          22  0.950561003490117     
          18          22  0.123671520569774     
           1          23  0.153826072056158     
           3          23  0.147549603280216     
           6          23  0.943419380266078     
          22          23   1.24886540082645     
           1          24  0.175801373873140     
           5          24  0.980859629248124     
          23          24   1.32442693577127     
           1          25  0.191524245441776     
          24          25   1.28316390885343     
           1          26  0.180594623582740     
          22          26   1.26608607418453     
          25          26   1.32970916778289     
          26          27  0.982730950932364     
           3          28  0.619267449702023     
           8          28   1.41197910441459     
          11          28  0.164208574237120     
          20          28  0.974831913315202     
          20          29  0.956121477675215     
           4          30  0.966072957427680     
           4          31  0.956170319677683     
          25          32  0.988431787028456     
           3          33  0.410440970695822     
           4          33  0.975021940878459     
          33          34  0.994185760178021     
          33          35  0.989522600552362     
          34          36  0.973366819567543     
          34          37  0.971763588011037     
          34          38  0.963301519641749     
          35          39  0.969971790217396     
          35          40  0.943859505963903     
          35          41  0.954739167052704     
          20          42  0.967350166831315     
          42          43   1.00778619228855     
          43          44   1.01889985145036     
          42          45  0.874113745515962     
          42          46  0.973982288819540     
          43          47  0.978501875686565     
          43          48  0.974158493107422     
          44          49  0.987928199802773     
          44          50  0.987713906481005     
          44          51  0.983800197298334     
           8          52   1.05878054684803     
          52          54  0.915958022787408     
          53          54  0.993915169592983     
          54          55  0.993524343643644     
          54          56  0.993490559742229     
          53          57  0.984769499730268     
          53          58  0.984384698957137     
          53          59  0.985152173414783     
          55          60  0.985446230515281     
          55          61  0.985053605806425     
          55          62  0.977908794691584     
          56          63  0.985614468496599     
          56          64  0.985226968164628     
          56          65  0.978022029375934     
