    1.34724188
    0.37215254
   -0.32765293
   -0.02982932
    0.04011317
    0.02711803
    0.09182641
    0.37370318
   -0.49948597
   -0.09603898
   -0.41643765
   -0.14309964
   -0.14044239
   -0.15048472
    0.05021763
    0.03836045
    0.03185629
    0.35504290
   -0.18913307
    0.01533806
   -0.42301727
   -0.11738818
   -0.14575236
   -0.14359176
   -0.14435712
   -0.11988710
    0.09989051
   -0.16992305
    0.03104363
    0.04108638
    0.04144420
    0.04528616
   -0.07217265
   -0.04089867
   -0.05822319
    0.02596318
    0.08678912
    0.09953432
    0.02796647
    0.07129933
    0.05338701
    0.02941747
   -0.10957912
   -0.13511338
   -0.10944053
    0.03930953
    0.03087484
    0.05664822
    0.03832621
    0.03215380
    0.08794730
    0.03771475
    0.02998178
    0.03367387
   -0.27259730
   -0.11988350
    0.15747565
   -0.12142974
   -0.12266416
    0.05601533
    0.05848604
    0.04940087
    0.05034917
    0.04548690
    0.06241234
    0.04687019
    0.04655417
    0.06275858
