           2           9   1.62398433927034     
           1          10  0.228005094820514     
           3          10  0.111615964708467     
           4          10   1.01037684490464     
           8          11   1.10958722628827     
           1          12  0.221959995039181     
           3          12  0.124196428609052     
           1          13  0.227423408973862     
          12          13   1.29812193604191     
           1          14  0.239662001124592     
          10          14   1.26565280991276     
          13          14   1.29974823157180     
          12          15  0.961415916143219     
          13          16  0.986856554641037     
          14          17  0.985088687199720     
          11          18  0.703863061459018     
           1          19  0.175738148319265     
           3          19  0.850609747992781     
          10          19   1.20890964565433     
          12          19   1.23909373050817     
           2          20  0.861609489799711     
           2          21   1.37567595405338     
           3          21  0.475843199814620     
           9          21  0.203249937681882     
           1          22  0.167422529228205     
           3          22  0.184756188430274     
           1          23  0.208215306584224     
          22          23   1.29266015700504     
           1          24  0.223710639931032     
           5          24  0.990279657658652     
          23          24   1.30347629391306     
           1          25  0.211236777515543     
           6          25  0.979122138850980     
          24          25   1.29908315158922     
           1          26  0.159962811259458     
           3          26  0.179530588048363     
           7          26  0.939184603123992     
          22          26   1.26151882725537     
          25          26   1.30346881251344     
          22          27  0.924143367492134     
           3          28  0.563522469485521     
           8          28   1.55223511414894     
          11          28  0.124074940880883     
          20          28  0.979236406867271     
          20          29  0.953819886438521     
           4          30  0.971742376619147     
           4          31  0.955703291802472     
          23          32  0.982488452109126     
           3          33  0.319331919747128     
           4          33  0.978023753559141     
          33          34  0.989810795043515     
          33          35   1.00553052573108     
          34          36  0.971965265119790     
          34          37  0.943409544677565     
          34          38  0.936424734321668     
          35          39  0.972276713483455     
          35          40  0.972122613100926     
          35          41  0.977675563648575     
          20          42  0.938185757049237     
          42          43   1.00094922395223     
          42          44  0.993683141116567     
          42          45  0.997347834492730     
          43          46  0.975313552066736     
          43          47  0.984350535310162     
          43          48  0.981741312664622     
          44          49  0.986312365320401     
          44          50  0.980557845593846     
          44          51  0.913701761162748     
          45          52  0.985350622657922     
          45          53  0.985382401029985     
          45          54  0.985003755450146     
           8          55   1.11606772641252     
          28          55  0.104432698178203     
          55          57  0.895818402499831     
          56          57  0.994079718880805     
          57          58  0.995357614601106     
          57          59  0.994750655067894     
          56          60  0.983814781045022     
          56          61  0.983703048499287     
          56          62  0.983863179011254     
          58          63  0.984409558918563     
          58          64  0.983529229037415     
          58          65  0.979464569934201     
          59          66  0.984811814846014     
          59          67  0.983520745064031     
          59          68  0.979743422391346     
