    1.70882040
    0.37385453
   -0.14298230
    0.10721066
    0.06358712
    0.10880286
    0.12053359
    0.38438307
   -0.48829404
   -0.12289953
   -0.54711978
   -0.14196170
   -0.14837973
   -0.15656067
    0.10348915
    0.07443948
    0.06135704
    0.16942086
   -0.16883434
    0.03528830
   -0.44507726
   -0.11231276
   -0.13358362
   -0.15669498
   -0.15307151
   -0.15944434
    0.10266983
   -0.25790125
    0.02870978
    0.01985845
    0.07260653
   -0.34996315
    0.03835287
   -0.10843674
   -0.10858822
   -0.11236951
    0.14045296
    0.04071080
    0.06820584
    0.03919601
    0.03329228
    0.06814172
    0.05651536
    0.03191474
    0.03520121
   -0.29365055
    0.09266670
   -0.02882459
    0.01161249
   -0.03979292
   -0.03920628
   -0.04659317
   -0.04797650
    0.00618098
   -0.00060766
   -0.03856720
   -0.03298640
   -0.03038728
   -0.03248767
    0.00915317
    0.05095426
    0.05633073
    0.05187133
    0.03181746
    0.03633262
    0.02869865
    0.03946807
    0.03608133
    0.03532192
    0.03497449
    0.03709640
