           3           4  0.128824420786816     
           2           9   1.63857189725545     
           3          10  0.103178621764239     
           4          10   1.17679367310553     
           8          11   1.30175051189680     
           1          12  0.156601802067086     
           3          12  0.108929459111787     
           1          13  0.169439124043502     
          12          13   1.30466189414592     
           1          14  0.248273891951922     
          10          14   1.18204175616248     
          13          14   1.32434472161826     
          12          15  0.951797371233272     
          13          16  0.978205531096103     
          14          17  0.988175483551585     
           3          18  0.435168688004759     
          11          18  0.179875951956398     
           1          19  0.130632434267508     
           3          19  0.834221808820780     
          10          19   1.15140346052025     
          12          19   1.23070021142366     
           2          20  0.862829654489080     
           2          21   1.34685468783496     
           3          21  0.489148663451403     
           9          21  0.197308782018177     
           3          22  0.159117132298293     
           7          22  0.945944757232564     
          18          22  0.110658522101731     
           1          23  0.135376624905734     
           3          23  0.112300012624612     
           6          23  0.960732058495862     
          22          23   1.30616378706539     
           1          24  0.178600362367574     
           5          24  0.983747314007876     
          23          24   1.29956628122540     
           1          25  0.169280537101557     
          24          25   1.29655700504765     
           1          26  0.204818213928147     
          22          26   1.24097934507505     
          25          26   1.32300556479372     
          26          27  0.970207387276613     
           3          28  0.605480187904386     
           8          28   1.44934715508527     
          11          28  0.154047831854378     
          20          28  0.972107350734074     
          20          29  0.953362469775315     
           4          30  0.953339363499717     
          25          31  0.987358234100113     
           3          32  0.442242540274127     
           4          32   1.51058240749240     
          20          33  0.942489740401193     
           3          34  0.129646656555292     
          33          34  0.986944242986645     
          33          35  0.991372252204566     
          33          36  0.998503317955888     
           3          37  0.119196110600042     
          34          37  0.838174775570701     
          34          38  0.984608233312468     
          34          39  0.968056516297758     
          35          40  0.985180762022612     
          35          41  0.985211421688038     
          35          42  0.946721209753518     
          36          43  0.982864539619345     
          36          44  0.985568634317071     
          36          45  0.984958787763735     
           8          46   1.04760671980376     
          46          47  0.961679292665722     
          47          48  0.954099805152506     
          48          49   1.00306471920959     
          49          50   1.44540012474504     
          50          51   1.41467366402477     
          49          52  0.102001349208206     
          51          52   1.43749145378383     
          50          53  0.100469863874723     
          52          53   1.43772180300846     
          49          54   1.32544662116244     
          53          54   1.39628446096518     
          54          55   1.07808837401310     
          55          56   1.39318073267050     
          56          57   1.44243158999787     
          57          58   1.43850897294831     
          56          59  0.103570381770984     
          58          59   1.42313346482254     
          48          60   1.00159456531417     
          55          60   1.33042437674379     
          57          60  0.102785650102347     
          59          60   1.44438424884112     
          47          61  0.966879496752764     
          47          62  0.972640464834124     
          48          63  0.941220038376019     
          50          64  0.968511575233341     
          51          65  0.971460454195367     
          52          66  0.971094098213760     
          53          67  0.967764805019641     
          56          68  0.968317609886002     
          57          69  0.971047382025956     
          58          70  0.971129428446115     
          59          71  0.969052829012075     
