    1.35960359
    0.37084682
   -0.30656154
   -0.03281764
    0.04271965
    0.02839377
    0.08232417
    0.24747657
   -0.49002896
   -0.09415965
   -0.41527873
   -0.13860227
   -0.13994141
   -0.15043439
    0.04939910
    0.04079221
    0.03402825
    0.32914175
   -0.18618748
    0.01161551
   -0.42495641
   -0.11944786
   -0.14346222
   -0.14325920
   -0.14401577
   -0.12570327
    0.10430220
   -0.14328616
    0.02429663
    0.04374595
    0.04386014
    0.04618653
   -0.06995505
   -0.04176309
   -0.05705310
    0.02854085
    0.09472353
    0.10249639
    0.03217213
    0.07045056
    0.05417291
   -0.02603142
   -0.11380460
   -0.11034040
    0.04595009
    0.03481108
    0.05367712
    0.06107847
    0.03524240
    0.02680606
    0.03651571
   -0.12342614
    0.06832947
    0.07120427
    0.06563603
