           2           9   1.63218905346558     
           1          10  0.229553070522752     
           3          10  0.109794012654628     
           4          10   1.01006387472171     
           8          11   1.19567167552013     
           1          12  0.227551143803559     
           3          12  0.125081151709755     
           1          13  0.217002345013622     
          12          13   1.30202757930744     
           1          14  0.231702350204567     
          10          14   1.26703938185984     
          13          14   1.30210652206632     
          12          15  0.961875189811806     
          13          16  0.987503160574076     
          14          17  0.986546278799020     
          11          18  0.574276817920994     
           1          19  0.156705824212967     
           3          19  0.760972240967921     
          10          19   1.20743629736806     
          12          19   1.22854987650444     
          18          19  0.199667002680185     
           2          20  0.840330950376804     
           2          21   1.38286168688572     
           3          21  0.460088230742409     
           9          21  0.207869571492262     
           1          22  0.166530106035164     
           3          22  0.185762993086334     
           1          23  0.205238095831943     
          22          23   1.29490303494574     
           1          24  0.232452206750536     
           5          24  0.989926323752769     
          23          24   1.29894674056331     
           1          25  0.205287661346591     
           6          25  0.980417195511728     
          24          25   1.29574659774857     
           1          26  0.169021435036000     
           3          26  0.160098578561370     
           7          26  0.943370463052958     
          22          26   1.26228341661831     
          25          26   1.31024621313896     
          22          27  0.927736843075498     
           3          28  0.620284155581297     
           8          28   1.58376892453995     
          11          28  0.162064103083941     
          20          28  0.993069731946798     
          20          29  0.952337780980183     
           4          30  0.971631495986844     
           4          31  0.956646052694617     
          23          32  0.981530320018269     
           3          33  0.356723115993990     
           4          33  0.973522786448246     
          33          34  0.986607428083729     
          33          35   1.00297235656673     
          34          36  0.970767831439329     
          34          37  0.942795904364128     
          34          38  0.931695238117598     
          35          39  0.971713805908910     
          35          40  0.971914318386000     
          35          41  0.976415096156385     
          20          42  0.949793021572651     
          42          43   1.01050526930876     
          42          44   1.00565786289411     
          43          45  0.984416865781801     
          43          46  0.985703592392034     
          43          47  0.978483976583438     
          42          48  0.925035183706026     
          44          49  0.985695819404279     
          44          50  0.982271797915551     
          44          51  0.985844075470989     
           8          52  0.989599332121890     
          52          53  0.967134737260662     
          52          54  0.982752718611494     
          52          55  0.964188349510568     
