    1.35207248
    0.36762704
   -0.30535656
   -0.03580816
    0.04246825
    0.02784512
    0.07599888
    0.38270966
   -0.49439894
   -0.09693948
   -0.42223539
   -0.13838676
   -0.13967167
   -0.15142394
    0.04291538
    0.04029061
    0.03337467
    0.35282536
   -0.19346748
    0.02141637
   -0.43017756
   -0.11884134
   -0.14293135
   -0.14300419
   -0.14510349
   -0.12740856
    0.10515045
   -0.18995969
    0.02955994
    0.04605254
    0.04220441
    0.04581414
   -0.05227910
   -0.04283022
   -0.05656757
    0.03023870
    0.08857963
    0.10353013
    0.03387249
    0.08088354
    0.05561763
   -0.07545049
   -0.05647609
   -0.10414957
    0.05105279
    0.05584095
    0.03055615
    0.03590459
    0.02811437
    0.02858963
    0.03721863
   -0.27799711
   -0.11947416
    0.15845098
   -0.12034835
   -0.12314049
    0.05550402
    0.05780440
    0.04874271
    0.05070563
    0.04390725
    0.06367061
    0.04755656
    0.04581182
    0.06336994
