           2           9   1.62996084976321     
           1          10  0.233290971668667     
           3          10  0.109553038525890     
           4          10   1.00680543234362     
           8          11   1.12300493016426     
           1          12  0.226862952745996     
           3          12  0.125453780483515     
           1          13  0.223867882555710     
          12          13   1.29876855789758     
           1          14  0.233836037069523     
          10          14   1.26879797966593     
          13          14   1.29891981161692     
          12          15  0.961610089503628     
          13          16  0.986228041499043     
          14          17  0.986641549242075     
          11          18  0.650694106598681     
           1          19  0.164992722284849     
           3          19  0.810876936983088     
          10          19   1.20422857543590     
          12          19   1.23309484301286     
          18          19  0.119938210715978     
           2          20  0.845663615819187     
           2          21   1.37841457510349     
           3          21  0.453034182189067     
           9          21  0.204986726897205     
           1          22  0.163888271443496     
           3          22  0.193862841093846     
           1          23  0.205826896097385     
          22          23   1.29494039588449     
           1          24  0.232525577709227     
           5          24  0.988742976536391     
          23          24   1.29859108999393     
           1          25  0.204761130474258     
           6          25  0.981542378296685     
          24          25   1.29649872795261     
           1          26  0.173029585968332     
           3          26  0.150955784596797     
           7          26  0.944313740822415     
          22          26   1.26412567068152     
          25          26   1.31031254113758     
          22          27  0.925555572730824     
           3          28  0.570876490670835     
           8          28   1.53146224358992     
          11          28  0.125248059260827     
          20          28  0.984205122629934     
          20          29  0.952004550185910     
           4          30  0.971481724520347     
           4          31  0.958045987964893     
          23          32  0.980127214426516     
           3          33  0.408954983156715     
           4          33  0.970719826611916     
          33          34  0.986218938221481     
          33          35  0.998653223850291     
          34          36  0.970160042921707     
          34          37  0.949083352188525     
          34          38  0.930807373495211     
          35          39  0.971549390756001     
          35          40  0.967343579303392     
          35          41  0.973311818576497     
          20          42  0.972740945220113     
          42          43   1.00554684057500     
          43          44   1.02011627725689     
          42          45  0.970789802357805     
          42          46  0.952932730100980     
          43          47  0.977369195711979     
          43          48  0.976941464504385     
          44          49  0.983543536639430     
          44          50  0.987552576747062     
          44          51  0.983527035298702     
           8          52   1.11064767906427     
          28          52  0.100332914177761     
          52          54  0.895681645971573     
          53          54  0.994214366701577     
          54          55  0.995298527639522     
          54          56  0.994777856238430     
          53          57  0.983937625210955     
          53          58  0.983810100189639     
          53          59  0.983975618522973     
          55          60  0.984226501203067     
          55          61  0.983720175746396     
          55          62  0.978771578419969     
          56          63  0.984116667091397     
          56          64  0.983555277170597     
          56          65  0.979451103632796     
