    1.64757066
    0.36809688
   -0.30348974
   -0.04270808
    0.04363148
    0.09363798
    0.10887072
    0.38431701
   -0.50215429
   -0.10998489
   -0.56933672
   -0.14326516
   -0.15866737
   -0.16563281
    0.09202030
    0.06824591
    0.04540925
    0.15337229
   -0.17949281
    0.03914447
   -0.45565244
   -0.10570833
   -0.14915513
   -0.16933215
   -0.08759521
   -0.16738797
    0.08346789
   -0.23939024
    0.02897673
    0.04547793
    0.04230009
   -0.15479322
    0.07790311
    0.06154149
    0.06179459
   -0.05278766
   -0.04774911
   -0.03529622
    0.02908928
    0.04882730
    0.08656881
    0.02265946
    0.08374971
    0.08113812
    0.00030457
   -0.10681639
   -0.10356853
    0.03477979
    0.02768033
    0.04957968
    0.08263102
    0.03563073
    0.07193795
    0.03163141
   -0.31357021
   -0.11810100
    0.16063944
   -0.12496082
   -0.12384674
    0.04970610
    0.05478213
    0.04219207
    0.04438432
    0.03808000
    0.06379902
    0.04168384
    0.03717033
    0.06607091
