           2           9   1.63421727114734     
           1          10  0.180425409418339     
           3          10  0.117354195494465     
           4          10   1.01169156553053     
           8          11   1.35297308651772     
           1          12  0.170410284497486     
           3          12  0.101523537808856     
           1          13  0.186086228463205     
          12          13   1.35389076553896     
           1          14  0.218119575134328     
          10          14   1.28315163141606     
          13          14   1.27336979563740     
          12          15  0.968349623242828     
          13          16  0.978707818812776     
          14          17  0.982508459705814     
           3          18  0.450474880087231     
           1          19  0.134950676762774     
           3          19  0.828637463931785     
          10          19   1.21692058880973     
          12          19   1.17873060125305     
           2          20  0.875000836777788     
           2          21   1.34570442872237     
           3          21  0.466512147927465     
           9          21  0.197414975093220     
           3          22  0.162855318572042     
           7          22  0.945304299290393     
          18          22  0.131286577251911     
           1          23  0.143040943190890     
           3          23  0.151075539418225     
           6          23  0.941991923235234     
          22          23   1.25202397079858     
           1          24  0.162068549384245     
           5          24  0.984106435054842     
          23          24   1.32660190822965     
           1          25  0.180017153454216     
          24          25   1.26198702277492     
           1          26  0.167317395106489     
          22          26   1.26279859799866     
          25          26   1.30862853456977     
          26          27  0.981480249953680     
           3          28  0.620997418282419     
           8          28   1.40666637585912     
          11          28  0.165250849318978     
          20          28  0.976378561698856     
          20          29  0.955852343369560     
           4          30  0.967667975876737     
           4          31  0.957213923064298     
          25          32   1.05189885102733     
          32          33  0.959487494238150     
          32          34  0.974359787343680     
          32          35  0.980613461598049     
           3          36  0.399155872779427     
           4          36  0.975952072380269     
          36          37  0.995314257836671     
          36          38  0.990643420663401     
          37          39  0.973478067660853     
          37          40  0.971133000679495     
          37          41  0.965188236663578     
          38          42  0.970470173034082     
          38          43  0.946578345506937     
          38          44  0.957345817149270     
          20          45  0.953022475947210     
          45          46   1.01094660208897     
          45          47  0.999302877906752     
          46          48  0.985315863972285     
          46          49  0.986715688590795     
          46          50  0.983544663857867     
          45          51  0.887312025785009     
          47          52  0.986720936557294     
          47          53  0.944403530113560     
          47          54  0.985727063111724     
           8          55   1.05412460306188     
          55          57  0.917600883376111     
          56          57  0.993848106815003     
          57          58  0.993459325122136     
          57          59  0.993275383610129     
          56          60  0.984892140168862     
          56          61  0.984376811377721     
          56          62  0.985266240908571     
          58          63  0.985442417000364     
          58          64  0.985240557267625     
          58          65  0.977660067255029     
          59          66  0.985689488050422     
          59          67  0.985383627713873     
          59          68  0.977640658596488     
