    1.29567838
    0.36982728
   -0.30910876
   -0.03001472
    0.04275717
    0.03305903
    0.03707984
    0.37409730
   -0.49840266
   -0.09455108
   -0.41358452
   -0.14209449
   -0.13771893
   -0.14572665
    0.04445880
    0.03963252
    0.03236198
    0.35867847
   -0.18868327
    0.01961253
   -0.42764946
   -0.11207594
   -0.14359473
   -0.14121747
   -0.13944038
   -0.13273956
    0.11184639
   -0.18366045
    0.02995083
    0.04534384
    0.03930548
    0.06837400
   -0.03589036
   -0.04276823
   -0.05365970
    0.03116212
    0.08231588
    0.10217876
    0.02775413
    0.08965567
    0.06115909
   -0.01817158
   -0.12697703
   -0.05602722
   -0.11320486
    0.02941745
    0.03193395
    0.06697744
    0.04441934
    0.02618295
    0.02637328
    0.02645169
    0.02997045
    0.06971232
   -0.27325710
   -0.11997025
    0.15762673
   -0.12140696
   -0.12362216
    0.05565000
    0.05908292
    0.04921762
    0.05097916
    0.04522787
    0.06244539
    0.04735230
    0.04668494
    0.06321060
