           2           9   1.62256565441175     
           1          10  0.241996996969877     
           3          10  0.108818941580856     
           4          10   1.00508344744187     
           8          11   1.10867251173817     
           1          12  0.235532297437637     
           3          12  0.113390653455952     
           1          13  0.236307874416789     
          12          13   1.29665224357709     
           1          14  0.237632165195878     
          10          14   1.27101409432677     
          13          14   1.29715906356577     
          12          15  0.962671687438535     
          13          16  0.983476950852782     
          14          17  0.983124849268272     
          11          18  0.708001694204470     
           1          19  0.182843282696708     
           3          19  0.852348691548098     
          10          19   1.20046421638153     
          12          19   1.23610397032126     
           2          20  0.861339826515175     
           2          21   1.37735274186162     
           3          21  0.456399168340784     
           9          21  0.203118659701622     
           1          22  0.160176127851038     
           3          22  0.231480709186363     
           1          23  0.219224937576546     
          22          23   1.26390371184143     
           1          24  0.216737675754200     
           5          24  0.984300505107335     
          23          24   1.31558514332579     
           1          25  0.218503760648688     
           6          25  0.985785626726311     
          24          25   1.29373718302554     
           1          26  0.207297336871975     
           7          26  0.957960367564969     
          22          26   1.27579908956212     
          25          26   1.31237912549546     
          22          27  0.908353938764791     
           3          28  0.556341275439183     
           8          28   1.54817254709118     
          11          28  0.122016920283459     
          20          28  0.979408747435599     
          20          29  0.955452688534509     
           4          30  0.972597287416610     
           4          31  0.957686066258404     
          23          32  0.963994810120953     
           3          33  0.430990873529372     
           4          33  0.971314212270965     
          33          34  0.985550953857584     
          33          35  0.996988432374519     
          34          36  0.971430128476734     
          34          37  0.954029408407240     
          34          38  0.932161310204751     
          35          39  0.973053694974506     
          35          40  0.962894803273695     
          35          41  0.962136953592759     
          20          42  0.953277394987756     
          42          43   1.00396938824539     
          42          44  0.998103844189178     
          44          45   1.01960613654181     
          43          46  0.985355442581385     
          43          47  0.982404977325054     
          43          48  0.942102053269609     
          42          49  0.957965446121693     
          44          50  0.975824107951601     
          44          51  0.976671999067053     
          45          52  0.987569533418264     
          45          53  0.988318572822785     
          45          54  0.975335032145427     
           8          55   1.11633051020136     
          28          55  0.104294979136794     
          55          57  0.895611301112588     
          56          57  0.994116362533777     
          57          58  0.995257449247771     
          57          59  0.994688631642273     
          56          60  0.984013585617388     
          56          61  0.983652590051359     
          56          62  0.983946683112409     
          58          63  0.984334578505193     
          58          64  0.983580911199829     
          58          65  0.979454964602223     
          59          66  0.984824762854589     
          59          67  0.983536128212582     
          59          68  0.979668999096245     
