    1.63963580
    0.36541537
   -0.30157106
   -0.03060292
    0.04081150
    0.04031387
    0.08902587
    0.38111215
   -0.50202129
   -0.09783518
   -0.44040612
   -0.15366133
   -0.15892368
   -0.16231036
    0.05911018
    0.04684044
    0.04328854
    0.34435374
   -0.22646621
    0.02968743
   -0.43296113
   -0.12253164
   -0.14658684
   -0.16278290
   -0.15756213
   -0.14933175
    0.09291426
   -0.21130295
    0.02134355
    0.05476540
    0.04078136
    0.07034953
   -0.04436306
   -0.04128031
   -0.04992461
    0.02761806
    0.08176787
    0.10480280
    0.02909347
    0.08876585
    0.05200240
   -0.07599207
    0.02045834
   -0.04607941
   -0.03851171
   -0.04024080
   -0.08799027
   -0.12732903
    0.07309331
    0.03830839
    0.02276938
    0.02303795
    0.02301997
    0.02687124
    0.05166052
   -0.27957712
   -0.12007794
    0.15717326
   -0.12228267
   -0.12545193
    0.05654811
    0.05573797
    0.04851329
    0.04814991
    0.04430495
    0.06485517
    0.05126293
    0.04605335
    0.06033972
