           2           9   1.61940676737742     
           1          10  0.182213887506275     
           3          10  0.144715110962587     
           4          10   1.01196480586640     
           8          11   1.16747937536869     
           1          12  0.170893446956000     
           3          12  0.102543963635850     
           1          13  0.165802504776453     
          12          13   1.30996697159577     
           1          14  0.165587902490730     
          10          14   1.26053013539087     
          13          14   1.31839999453690     
          12          15  0.969882068108198     
          13          16  0.982062092111445     
          14          17  0.991121420282569     
          11          18  0.590207044682300     
           3          19  0.760896323638810     
          10          19   1.21498484539296     
          12          19   1.25641615172451     
          18          19  0.181916881464565     
           2          20  0.880177963850460     
           2          21   1.36112559455692     
           3          21  0.469330579576153     
           9          21  0.198145934013341     
           3          22  0.148267246854431     
           1          23  0.119729502695241     
          22          23   1.33578814464520     
           1          24  0.181258539722011     
           5          24   1.00017363697525     
          23          24   1.33368182987744     
           1          25  0.161318788238576     
           6          25  0.980698072476767     
          24          25   1.28416939788043     
           1          26  0.116212451762744     
           3          26  0.191636987471086     
           7          26  0.933627977934693     
          22          26   1.28063511836049     
          25          26   1.30466898785061     
          22          27  0.950965508159490     
           3          28  0.577699392847084     
           8          28   1.52217763002117     
          11          28  0.133124622480827     
          20          28  0.979733252373479     
          20          29  0.946680870714067     
           4          30  0.960611626130357     
           4          31  0.955006431284048     
          23          32  0.974657965566682     
           3          33  0.419534788730652     
           4          33  0.973158075368141     
          33          34  0.986435729476604     
          33          35  0.996475679224118     
          34          36  0.969892937822541     
          34          37  0.955133622801770     
          34          38  0.929047255309781     
          35          39  0.972282756136124     
          35          40  0.964229832632083     
          35          41  0.970669101546581     
          20          42  0.967438691226996     
          42          43   1.01779923673413     
          43          44   1.37437240773758     
          44          45   1.47387954996392     
          43          46  0.100424853561948     
          45          46   1.40334504844098     
          44          47  0.110004841513416     
          46          47   1.46968742414604     
          43          48   1.43952113918167     
          45          48  0.110188748211347     
          47          48   1.39722802395907     
          42          49  0.942141087352405     
          42          50  0.972968801039667     
          44          51  0.968831917915120     
          45          52  0.971475435261213     
          46          53  0.971392270732470     
          47          54  0.963451969502040     
           3          55  0.184501184648838     
          48          55  0.852283593086915     
           8          56   1.11239725982499     
          56          58  0.897238905415343     
          57          58  0.994148138101993     
          58          59  0.995230507974103     
          58          60  0.995130594089423     
          57          61  0.983888068313966     
          57          62  0.983981776627027     
          57          63  0.984075023816885     
          59          64  0.984775370072640     
          59          65  0.983934004989794     
          59          66  0.979244732211656     
          60          67  0.982352198152525     
          60          68  0.983680978158537     
          60          69  0.980197013920171     
