    1.51219357
    0.36679856
   -0.16176493
    0.09682884
    0.05239292
    0.09204202
    0.14074597
    0.39090607
   -0.49442008
   -0.11692920
   -0.43988205
   -0.13747735
   -0.13502954
   -0.14820200
    0.06121115
    0.05529829
    0.05007252
    0.33452191
   -0.17737128
    0.02433840
   -0.43529058
   -0.15043833
   -0.14299702
   -0.14873235
   -0.11423679
   -0.12228642
    0.07156250
   -0.23702524
    0.02674748
    0.00927504
    0.05846601
   -0.37620991
    0.02591777
   -0.13129965
   -0.10752946
   -0.11802544
    0.05713000
    0.03442283
    0.04902948
    0.03632833
    0.03904388
    0.02110054
    0.06968320
    0.03632472
    0.03365752
   -0.27787196
    0.08848684
   -0.02844029
   -0.00047614
   -0.03798515
   -0.03236579
   -0.02958618
   -0.02782244
    0.00437461
    0.01040706
   -0.00750801
    0.00767276
   -0.01159366
   -0.02820598
    0.00131628
    0.05773350
    0.05627662
    0.04564761
    0.02225581
    0.02882512
    0.03530436
    0.05206049
    0.05942524
    0.07718130
    0.05058087
    0.03345497
