           1           4  0.139525981573693     
           2           9   1.61913183581650     
           1          10  0.119928551201131     
           4          10   1.18213479762774     
           8          11   1.17114748078786     
           1          12  0.183779195593496     
           3          12  0.136880357007541     
           1          13  0.184378252684248     
          12          13   1.27345839894283     
           1          14  0.268637018875358     
          10          14   1.15736300210934     
          13          14   1.35428395072081     
          12          15  0.960348799752255     
          13          16  0.986253510264420     
          14          17  0.986390728089373     
          11          18  0.579686743970839     
           1          19  0.153248342145253     
           3          19  0.752764780691399     
          10          19   1.13335141972359     
          12          19   1.27728133920336     
          18          19  0.204999389124981     
           2          20  0.878975201994693     
           2          21   1.36693404642675     
           3          21  0.466901668092135     
           9          21  0.201109035619509     
           1          22  0.239401601447275     
           1          23  0.211485741477539     
          22          23   1.29026400589787     
           1          24  0.216007296996361     
           5          24  0.983850900322259     
          23          24   1.30739876782830     
           1          25  0.172138201696619     
           6          25  0.966017929932738     
          24          25   1.29122180553283     
           1          26  0.129275553919519     
           3          26  0.194772501883657     
           7          26  0.912179304987642     
          22          26   1.26853966492796     
          25          26   1.32054949712053     
          22          27  0.976596487662799     
           3          28  0.545530447229918     
           8          28   1.52991875113624     
          11          28  0.133613771160455     
          20          28  0.979174750547379     
          20          29  0.946596588224264     
           4          30  0.957327693239190     
          23          31  0.987433743479720     
           3          32  0.459457179098711     
           4          32   1.44663984611188     
          10          32  0.114059850664306     
          20          33  0.944195037107911     
          33          34  0.997178530485802     
          33          35  0.995764568693728     
          33          36   1.00005260258432     
          34          37  0.943381606836998     
          34          38  0.985680647063658     
          34          39  0.980963103990307     
          35          40  0.984531428706785     
          35          41  0.984915778478292     
          35          42  0.984718552561436     
          36          43  0.975176244675782     
          36          44  0.985499944999073     
          36          45  0.984840168449388     
           8          46   1.07543779270330     
          46          47  0.940162321823409     
          47          48  0.958511441997034     
          48          49  0.996807986946981     
          49          50   1.44743214427691     
          50          51   1.42069301166833     
          49          52  0.103061208749808     
          51          52   1.44066211380792     
          50          53  0.103940043522020     
          52          53   1.44161117223385     
          49          54   1.33241703533708     
          53          54   1.39474045032652     
          54          55   1.07791530420940     
          55          56   1.38691189495569     
           3          57  0.113259163002098     
          56          57   1.39743372878021     
          57          58   1.37952138346933     
          56          59  0.104379515317095     
          58          59   1.40215192004899     
          48          60  0.998470404150822     
          55          60   1.32499021864712     
          57          60  0.102989108426830     
          59          60   1.43253207546228     
          47          61  0.969594867572801     
          47          62  0.967218497690525     
          48          63  0.946624894321303     
          50          64  0.969101938134928     
          51          65  0.971721859796877     
          52          66  0.971016207141032     
          53          67  0.966875795926649     
          56          68  0.961353113140151     
          57          69  0.941960611419195     
          58          70  0.954793379313698     
          59          71  0.966733934213946     
