    1.59180340
    0.37106919
   -0.30691381
   -0.04037143
    0.06126491
    0.04440182
    0.09394638
    0.38426653
   -0.50296638
   -0.10406815
   -0.56068784
   -0.13550432
   -0.14774237
   -0.15794236
    0.08943850
    0.05674172
    0.04618785
    0.15633415
   -0.18774847
    0.03301049
   -0.44085419
   -0.14289390
   -0.15123174
   -0.14949592
   -0.15008132
   -0.10629674
    0.10155413
   -0.24018212
    0.02844707
    0.04617854
    0.04382168
    0.07926980
   -0.04496152
   -0.04946130
   -0.04218518
    0.02887456
    0.04951778
    0.09100225
    0.02492224
    0.08953752
    0.07846525
    0.03299957
   -0.10545501
   -0.10635808
   -0.11236012
    0.11954625
    0.03122335
    0.06432483
    0.03022552
    0.03386050
    0.04137000
    0.06068069
    0.03216691
    0.02801033
   -0.31100562
   -0.11767605
    0.16006872
   -0.12534344
   -0.12378918
    0.05041799
    0.05227693
    0.04317522
    0.04239339
    0.03925095
    0.06474505
    0.04299964
    0.03815647
    0.06562758
