           2           9   1.62503101922770     
           1          10  0.200251960301030     
           3          10  0.112221966045016     
           4          10   1.01010137866855     
           8          11   1.34154230839993     
           1          12  0.191518527417344     
           1          13  0.196325091731505     
          12          13   1.34400576073171     
           1          14  0.228202764859443     
          10          14   1.27804221579878     
          13          14   1.26975447329699     
          12          15  0.968254367274150     
          13          16  0.988136258230287     
          14          17  0.988262090310946     
           3          18  0.420665554308514     
          11          18  0.122487146270972     
           1          19  0.157710245098905     
           3          19  0.786024200517991     
          10          19   1.21424679450715     
          12          19   1.17531348681865     
           2          20  0.884368638819746     
           2          21   1.33993860166326     
           3          21  0.496063578961385     
           9          21  0.194704919927496     
           1          22  0.149067951369834     
           3          22  0.150656756111562     
           7          22  0.941983495906804     
           1          23  0.173166371439821     
           6          23  0.981211843947549     
          22          23   1.32297280697920     
           1          24  0.188992520516296     
           5          24  0.989025795279852     
          23          24   1.28498219475183     
           1          25  0.176772208442013     
          24          25   1.32913272808247     
           1          26  0.101871855284061     
           3          26  0.144338748047747     
          18          26  0.113914580727262     
          22          26   1.25226212013544     
          25          26   1.27202919763510     
          26          27  0.952857361101095     
           3          28  0.612540923478924     
           8          28   1.41980426108094     
          11          28  0.165921503496224     
          20          28  0.977820477857304     
          20          29  0.949664483729304     
           4          30  0.964640702354116     
           4          31  0.956348754941152     
          25          32  0.982660740753039     
           3          33  0.417529673594742     
           4          33  0.975628491181106     
          33          34  0.994088911108398     
          33          35  0.990564890092951     
          34          36  0.973657004657582     
          34          37  0.970513823254498     
          34          38  0.963515192237229     
          35          39  0.970682314597157     
          35          40  0.950174129901188     
          35          41  0.959330073220413     
          20          42  0.942911179337216     
           3          43  0.103672792303382     
          42          43  0.994033376868191     
          42          44  0.995155721149861     
          42          45  0.999403645502173     
          43          46  0.873014424673447     
          43          47  0.986142987548595     
          43          48  0.956488587475454     
          44          49  0.985731923757665     
          44          50  0.986054600256021     
          44          51  0.978249587248603     
          45          52  0.978992217142120     
          45          53  0.985720153352553     
          45          54  0.985332160842853     
           8          55   1.05644534162739     
          55          57  0.916831212251901     
          56          57  0.993820386084396     
          57          58  0.993553864912432     
          57          59  0.993509657128171     
          56          60  0.984808290523977     
          56          61  0.984626884991207     
          56          62  0.985147866120242     
          58          63  0.985602758038170     
          58          64  0.985065532390538     
          58          65  0.977302400893900     
          59          66  0.985547917018602     
          59          67  0.985158976466927     
          59          68  0.977813483832976     
