    1.48153357
    0.36127589
   -0.21968051
   -0.03149680
    0.03823636
    0.11484380
    0.11868350
    0.42095293
   -0.49550709
   -0.10432450
   -0.49964690
   -0.14330591
   -0.15070987
   -0.16041124
    0.08733538
    0.05523788
    0.05814221
    0.10868349
   -0.09297470
    0.01508248
   -0.46649667
   -0.15614214
   -0.07735522
   -0.15485112
   -0.13036238
   -0.13210114
    0.06607603
   -0.24343222
    0.04130261
    0.04802455
    0.05275752
   -0.13948857
    0.07366135
    0.06100945
    0.04767112
   -0.06994652
   -0.03908697
   -0.06462806
    0.02832127
    0.10164749
    0.11364074
    0.03664143
    0.08303696
    0.06031727
   -0.02131838
   -0.10705773
   -0.16310507
    0.03446360
    0.03597825
    0.03213414
    0.04391058
    0.04218570
    0.05736095
    0.03284193
   -0.32159407
   -0.12098689
    0.16131912
   -0.11254557
   -0.11644740
    0.04201030
    0.05879281
    0.04385683
    0.04143213
    0.03121873
    0.06615034
    0.03797221
    0.03393972
    0.06534400
