           2           9   1.62427346984503     
           1          10  0.234440115446622     
           3          10  0.132913059626269     
           4          10   1.01522365448761     
           3          11  0.176553775347202     
           8          11   1.44168987653396     
           1          12  0.207005734300693     
           3          12  0.148527012357836     
           1          13  0.177114744064685     
          12          13   1.33192330333854     
           1          14  0.182305125717029     
          10          14   1.29813830820564     
          13          14   1.29298945832238     
          12          15  0.957380130612204     
          13          16  0.983099696306532     
          14          17  0.980486279864542     
           3          19  0.561434490743666     
          10          19   1.14981304256942     
          12          19   1.19339540432836     
          18          19  0.893269264556896     
           2          20  0.872981474345004     
           2          21   1.34083370937363     
           3          21  0.447781986508131     
           9          21  0.192426448722460     
           1          22  0.182618980162374     
           1          23  0.237684823100380     
          22          23   1.26543742306718     
           1          24  0.188999902850056     
           5          24  0.975553646283445     
          23          24   1.25992640262995     
           1          25  0.163896979789108     
           3          25  0.203734953220643     
           6          25  0.933327896745662     
          24          25   1.32168652200413     
           1          26  0.187818589861616     
           3          26  0.143956723407606     
           7          26  0.938062386264868     
          22          26   1.33129788079817     
          25          26   1.23821263091866     
          22          27  0.979068323707200     
           3          28  0.718075880319098     
           8          28   1.30970098097089     
          11          28  0.160576802751819     
          20          28  0.981742010923628     
          20          29  0.935638048047899     
           4          30  0.969853800223543     
           4          31  0.955189694913949     
          23          32   1.05172363795735     
          32          33  0.960048485581796     
          32          34  0.972765034750994     
          32          35  0.983983931942404     
           3          36  0.389355033290227     
           4          36  0.969342083272271     
           3          37  0.101926316056407     
          36          37  0.982864517146048     
          36          38  0.996753276275077     
          37          39  0.969590698815507     
          37          40  0.941077845845118     
          37          41  0.927249935806387     
          38          42  0.972442291445702     
          38          43  0.966141888570547     
          38          44  0.974922281419686     
          20          45  0.966182112521022     
          45          46   1.00852097861690     
          45          47   1.00566567665974     
          46          48  0.986722014889534     
          46          49  0.986624843249058     
          46          50  0.986034731970484     
          45          51  0.960235434960205     
          47          52  0.981312615460498     
          47          53  0.933265728273446     
          47          54  0.988779474173589     
           8          55   1.04688249311845     
          11          55  0.101813886917827     
          55          57  0.919649036822681     
          56          57  0.989466884619189     
          57          58  0.995262662938839     
          57          59  0.994555220457371     
          56          60  0.986877207876109     
          56          61  0.983122429692633     
          56          62  0.986677845737604     
          58          63  0.985321066841529     
          58          64  0.985548508496469     
          58          65  0.976905312508672     
          59          66  0.985808539578836     
          59          67  0.985465050395432     
          59          68  0.977921035649316     
